0000000000000000000000000000000000000000006550003261522033611230
0000000000000000000000000000000044333440646364603322233033636330
0000000000000000000000002242242244244244124224211424424114422441
0000000000000000000000005005500565511556611551166656656611166111
0000000000000000000000001660556056365360535536603333551055663110
0000000000000000002004000511112002242150021445500555225002124140
0000000000000000111001111355553122666622326556233125521312255221
0000000033266555321625252162121216516161651656565115353511113333
0000000044444421335231245433541454215444554441352225325255521222
0000000061111116622222266251155662566516655555166111111666666666
1155115515151515515151515511551111551155151515155151515155115511
0000000066266000555523605516556033522560255533602211535023666350
0000000000322300042112400355553044111144242552422335533224422442
0000000000000000100000101005001020111420203333203421543033252430
0000000004443240045562600525226005224460026345500433253004463330
0000000000000000000000000000000013003302112123232326212121662121
0000000000000000044146664153344463331356666533336645155641144546
0000000000000000005033000655366361136163651166112266225352565233
0000000000000000544224425565625542566425444525526664442442625524
0000000000000000155655442444222424621666245622222226565615161541
0000000000000000034323000654660005444600565233405664364055432440
0000000000000000000000000010416001106633333146434311616441414164
0000000033636121166163136326212633313222362116116312662311112122
0000000000000000000000600000016121626222112666112662122221626162
0000000000000000000044505353433034455340553434304454543043435430
0000000026151620265612104241555025645620211164206556611026151610
0000000000000000663633665645546543666634454354544453654466366366
0000000000000000064311101534135143331444445516536665165614441351
0000000053263666652655254345252255523262446446256644222235256563
0000000004524500121241001252450042442110441415102452142024221420
0000000000000000000000000333035005223530553235303252353032553230
5552455555422155545452424212115455544552111441112521542525251112
0000000000000000001041001420210042414460246122602161211021414460
0000000011164166422426614266112466611162241426662462214221164642
0000000000000000066544000655640064556550343336503564444036653540
0000000000000000323003004442244332343432444234223234323423232344
3606032065323650232322332255262266253332526562655263626552636265
0060000035241150335252452225522414332534114113345554123566666666
0000000055666660531113205632623522213362216611161333262212221122
2411145211355551334515431144453311311413543531411413414125133152
2165622362255521612566616161261655516516522666562662225533653335
1655266144656144451525465546222266626455445422256654656536342363
3536224565362352661565553116262633666266223434445244355455523111
5555625665262562525562565525625656262566625256222561225511112225
3431133113111344444444344333414431141343122141313421414314341333